$ANSIBLE_VAULT;1.1;AES256
38336130396230626638363637333930613062353331383263633033666434326632663135616262
3830633031313561313662356235656363323136323965370a376138663738316464346631636335
33613332396361383337643666623137316230333336616233633432616234326238333835326239
3832623736656639610a656335323839636634303037663533316436336336373562623034636132
64316362636532373864626265613931613665653166663834343239386566303033336661616232
33346338633130386462373164646237373463623161376331343232393136303636326338396337
33336431313734626239616132316635353261653231353765393633333064313539623134383461
31633838313939353437323563303565636434393366636433656163613830396361363239323332
61616539613938633161343538363765303132333535623136326635626466303931363033656166
62373333336432333262346137653066353263373238316565316234633131656333376165656138
38393930326539396138393832623962366636663230333162626339663666656666646438393966
37626664366131666561
